299590	116.33317059833334	39.95016528666667	116.333178	39.9500956
299600	116.33317056	39.950165348333336	116.3331772	39.950095483333335
299610	116.33317056166666	39.950165345	116.33317661666666	39.95009543333333
299620	116.333170575	39.95016535166667	116.33317593333334	39.95009525
299630	116.3331706	39.950165345	116.33317535	39.950095133333335
299640	116.33317054333334	39.95016542333333	116.33317486666667	39.95009505
299650	116.33317050166667	39.95016545	116.33317446666666	39.95009493333333
299660	116.3331706	39.950165319999996	116.33317418333333	39.95009495
299670	116.33317060833333	39.95016530833333	116.33317401666666	39.9500949
299680	116.33317056833333	39.950165355	116.33317398333334	39.950095
299690	116.33317057333333	39.950165365	116.33317396666666	39.950095
299700	116.33317058166666	39.95016535166667	116.33317396666666	39.950095016666666
299710	116.33317057	39.950165355	116.33317388333333	39.950095
299720	116.33317059833334	39.95016532166667	116.33317391666667	39.950095
299730	116.33317060333333	39.95016531	116.33317418333333	39.95009493333333
299740	116.33317061166667	39.950165311666666	116.33317461666667	39.9500943
299750	116.33317060166667	39.95016530666667	116.3331747	39.95009351666667
299760	116.33317057	39.950165356666666	116.33317463333333	39.95009285
299770	116.33317059166667	39.950165303333335	116.3331746	39.95009236666667
299780	116.33317056333334	39.95016532333333	116.33317548333333	39.95009243333333
299790	116.3331706	39.95016525333333	116.33317686666666	39.95009278333333
299800	116.33317058666667	39.95016528833333	116.33317856666666	39.95009326666667
299810	116.33317064166667	39.95016526333333	116.33318075	39.950093433333336
299820	116.33317035	39.950165565	116.33318305	39.95009401666667
299830	116.33317003666667	39.950163421666666	116.33318536666667	39.95009101666667
299840	116.33317150333333	39.950158855	116.33318785	39.950085816666665
299850	116.33317313666667	39.95015468166667	116.33318986666667	39.95008145
299860	116.33317360833334	39.95015162833333	116.33319225	39.95007786666667
299870	116.33317455	39.950147485	116.33319395	39.95007385
299880	116.33317288333333	39.95014158666667	116.33319105	39.950067733333334
299890	116.333168295	39.950135245	116.33318515	39.95006048333333
299900	116.333163225	39.95012819666667	116.33318113333333	39.95005533333333
299910	116.33316111833334	39.95011924166667	116.33318036666667	39.95004998333334
299920	116.33316236666667	39.95010939833333	116.33318386666667	39.95004355
299930	116.33316651666667	39.950099621666666	116.33319321666667	39.9500382
299940	116.33317119	39.95009058	116.3332046	39.95003318333333
299950	116.33317502833333	39.950082505	116.3332145	39.950028616666664
299960	116.33317723833333	39.95007537833333	116.33322098333333	39.9500235
299970	116.33317914333334	39.95006974	116.33322505	39.950019
299980	116.33318101	39.95006336666667	116.33322828333333	39.9500133
299990	116.33318325166667	39.95005571666667	116.33323316666667	39.95000683333333
300000	116.33318617666667	39.95004766666667	116.33323988333333	39.950001666666665
300010	116.33318975833333	39.950041586666664	116.33324513333334	39.949996416666664
300020	116.33319261333334	39.950038325	116.33324493333333	39.94999178333333
300030	116.33319871	39.950035058333334	116.33324678333334	39.94998843333333
300040	116.33320665833334	39.95003098666667	116.33325068333333	39.9499829
300050	116.33321369166667	39.95002689333333	116.33325501666667	39.94997933333333
300060	116.33322133333333	39.950022866666664	116.33326133333334	39.949978
300070	116.33323033333333	39.950020261666666	116.33326996666666	39.9499789
300080	116.33323986666667	39.95001856	116.33327873333333	39.9499824
300090	116.33324857	39.95001804666666	116.33328555	39.94998751666667
300100	116.33325240333333	39.950018205	116.33328675	39.94999236666666
300110	116.33325217166667	39.95001815	116.33328253333333	39.949990533333334
300120	116.33325208333333	39.950018156666665	116.33327928333334	39.94998688333333
300130	116.333252325	39.95001814	116.33327315	39.94998473333333
300140	116.33325239	39.95001810666667	116.33326753333333	39.949984316666665
300150	116.33325243333333	39.95001804666666	116.33326378333334	39.94998401666667
300160	116.33325311	39.950018166666666	116.33326203333333	39.94998363333333
300170	116.33325621333333	39.950018521666664	116.33326426666666	39.94998313333333
300180	116.33326058166666	39.95001930833333	116.33326675	39.94998158333333
300190	116.33326532	39.95001994	116.33327246666667	39.94998161666667
300200	116.33327163	39.95002032	116.33327816666667	39.94998415
300210	116.33327849166666	39.950020865	116.33327926666666	39.94998755
300220	116.33328603	39.95002171666667	116.33328416666667	39.94999055
300230	116.33329311666667	39.950023081666664	116.33329188333333	39.949994966666665
300240	116.33330001	39.95002442333333	116.3332969	39.950000083333336
300250	116.333307075	39.950026003333335	116.33329843333334	39.95000543333333
300260	116.33331187833333	39.950027485	116.33329643333333	39.95001153333333
300270	116.33331444	39.950028196666665	116.33329423333333	39.95001571666667
300280	116.33331475833333	39.95002826	116.33329228333334	39.95001791666667
300290	116.333314825	39.95002822833333	116.33329075	39.950019266666665
300300	116.33331502333333	39.95002823666667	116.33328845	39.95001971666667
300310	116.33331498333334	39.95002822	116.33328581666666	39.95001956666667
300320	116.33331503166667	39.950028233333335	116.33328245	39.95001861666667
300330	116.33331488	39.95002823833333	116.33327943333333	39.95001778333334
300340	116.3333149	39.950028231666664	116.33327318333333	39.950014
300350	116.33331643166666	39.95002856666667	116.33327016666667	39.950010766666665
300360	116.33332218833333	39.950028520000004	116.33327115	39.95000866666667
300370	116.333329905	39.950029261666664	116.3332756	39.95000831666667
300380	116.33333904	39.950030651666665	116.33328605	39.95000958333333
300390	116.333348955	39.950032291666666	116.33329695	39.95001068333333
300400	116.333358955	39.950034075	116.33331025	39.950012566666665
300410	116.33336945333333	39.95003594166667	116.33332343333333	39.95001215
300420	116.33337957833334	39.95003777833333	116.3333354	39.95000936666667
300430	116.33339012	39.950039653333334	116.33334878333334	39.95000878333333
300440	116.33340228	39.950041848333335	116.3333667	39.95001105
300450	116.33341502333333	39.95004362666667	116.33338418333334	39.950013733333336
300460	116.33342828666666	39.950045476666666	116.33340201666667	39.95001685
300470	116.33344107833334	39.95004784166667	116.3334193	39.950021633333336
300480	116.33345372166667	39.950049998333334	116.33343416666666	39.9500274
300490	116.33346708833334	39.950052101666664	116.33344895	39.95003138333333
300500	116.33347987666667	39.950054136666665	116.33346238333333	39.950035916666664
300510	116.333492345	39.950056493333335	116.3334723	39.9500408
300520	116.33350477333333	39.95005877166667	116.33348331666667	39.95004651666667
300530	116.33351782	39.95006122	116.33349371666667	39.95005435
300540	116.33353032166667	39.95006367166667	116.3335016	39.95005973333333
300550	116.33354325666667	39.95006557666667	116.33350875	39.95006245
300560	116.33355466666667	39.950067585	116.3335144	39.950064233333336
300570	116.33356460166667	39.95006917166667	116.33352103333333	39.95006608333333
300580	116.33357496833334	39.95007063166667	116.33353083333333	39.9500667
300590	116.333585805	39.950071655	116.33353973333334	39.950066783333334
300600	116.33359746333333	39.95007261333333	116.33355098333334	39.95006625
300610	116.33360834833333	39.95007397333333	116.33356203333334	39.95006816666667
300620	116.33361973166667	39.95007436833333	116.33357505	39.9500683
300630	116.33363038166667	39.95007504	116.3335877	39.95006763333333
300640	116.333641305	39.95007619166667	116.33359753333333	39.950067966666666
300650	116.33365154833334	39.95007739333333	116.33361255	39.9500655
300660	116.33366187833333	39.95007851166667	116.33362863333333	39.950063533333335
300670	116.33367303666667	39.95007991166667	116.33364133333333	39.9500639
300680	116.33368431833334	39.950081088333334	116.3336517	39.95006276666667
300690	116.33369563666666	39.950082216666665	116.33366636666666	39.9500617
300700	116.33370691	39.95008442333334	116.33367996666666	39.95006166666667
300710	116.33371826166666	39.950086515	116.33369365	39.95006171666667
300720	116.33372911166667	39.95008854833333	116.33370585	39.95006166666667
300730	116.33373977666666	39.95009090166667	116.33371673333333	39.95006185
300740	116.33375161166667	39.950092543333334	116.33372515	39.95006308333333
300750	116.33376327666667	39.95009464	116.33374	39.950063283333336
300760	116.333774275	39.95009682166667	116.333755	39.95006445
300770	116.33378596333333	39.95009867	116.33376893333333	39.950065583333334
300780	116.33379781166667	39.95010034	116.33378001666667	39.950067866666664
300790	116.33380992333333	39.950102443333336	116.3337931	39.950070133333334
300800	116.33382178333333	39.950104645	116.33380881666666	39.95007255
300810	116.33383382166667	39.95010662833333	116.33382255	39.950075983333335
300820	116.33384528166667	39.950108283333336	116.33382986666666	39.95008333333333
300830	116.33385687166667	39.95010961166667	116.33383826666666	39.95008795
300840	116.33386771	39.95011006	116.33384786666667	39.95008838333333
300850	116.33387870333334	39.950110888333334	116.33385693333334	39.950089383333335
300860	116.33388827833333	39.950112168333334	116.33386536666667	39.95008968333333
300870	116.33389729166667	39.95011351833333	116.33387393333334	39.95009005
300880	116.33390641666666	39.95011590166666	116.3338838	39.95009196666667
300890	116.33391623666667	39.950118008333334	116.3338954	39.9500938
300900	116.33392691833333	39.95012031666667	116.33390725	39.9500956
300910	116.33393782833333	39.95012236833333	116.33391975	39.950096916666666
300920	116.33394877333333	39.95012426833333	116.33393858333334	39.95009855
300930	116.333959725	39.95012660166667	116.33395543333333	39.95010068333333
300940	116.33397042333333	39.95012882333333	116.33396953333333	39.95010336666667
300950	116.33398107333333	39.95013110833333	116.3339831	39.95010523333333
300960	116.33399223833334	39.95013302833333	116.33399538333333	39.95010685
300970	116.33400303833334	39.95013443166667	116.3340048	39.950108433333334
300980	116.334013425	39.950135495	116.33401208333333	39.95010991666667
300990	116.334024235	39.95013735166667	116.33401868333333	39.95011255
301000	116.33403480166666	39.95013952833333	116.3340269	39.950114883333335
301010	116.33404526333334	39.95014093666666	116.33403383333334	39.95011645
301020	116.33405531166666	39.9501417	116.33404011666667	39.9501163
301030	116.33406595166667	39.950142918333334	116.33404446666667	39.950117666666664
301040	116.334076295	39.95014389333333	116.33404735	39.95012025
301050	116.334086195	39.950145035	116.33404886666666	39.95012286666667
301060	116.334096705	39.950147935	116.33405906666667	39.95012445
301070	116.33410613166667	39.95015360666667	116.33407233333334	39.95012956666667
301080	116.33411248833333	39.950161871666666	116.33408466666667	39.95013715
301090	116.33411598	39.95017159333333	116.334094	39.9501462
301100	116.33411601666667	39.950181828333335	116.33409673333334	39.95015541666667
301110	116.33411372666667	39.950191885	116.33409748333334	39.950163716666665
301120	116.33411111333334	39.95020182166667	116.3340976	39.95017235
301130	116.33410853166667	39.95021206333333	116.33409803333333	39.950181916666665
301140	116.33410560166666	39.95022204333333	116.33409863333333	39.95019116666667
301150	116.33410256166667	39.95023227	116.33409968333333	39.95020045
301160	116.33409991333333	39.95024189666667	116.33409703333334	39.9502084
301170	116.33409654666667	39.950251296666664	116.33409513333334	39.95021633333333
301180	116.33409466666667	39.950260586666666	116.3340932	39.95022633333333
301190	116.33409213666667	39.95027004666667	116.33408928333333	39.95023685
301200	116.33408877833334	39.950279128333335	116.33408698333334	39.9502455
301210	116.33408604666667	39.95028843833333	116.33408521666667	39.95025515
301220	116.334082795	39.95029699	116.334084	39.9502661
301230	116.334079865	39.95030663	116.33408393333333	39.950276083333335
301240	116.334076805	39.950316713333336	116.33408013333333	39.95028525
301250	116.33407302666667	39.950327075	116.33407488333333	39.95029515
301260	116.33406939833333	39.95033758	116.33407196666667	39.95030465
301270	116.33406558166666	39.950347801666666	116.33406945	39.95031543333333
301280	116.334063285	39.95035772	116.3340678	39.950325983333336
301290	116.33406005166667	39.95036752666667	116.3340647	39.950336433333334
301300	116.33405720666667	39.95037729	116.33406376666667	39.95034675
301310	116.33405448166667	39.95038698166667	116.33406343333333	39.950355816666665
301320	116.33405221666666	39.950397091666666	116.33406221666667	39.9503668
301330	116.33405026166666	39.95040753333333	116.33406066666667	39.950377233333334
301340	116.33404771	39.95041808333333	116.33405648333333	39.95038843333333
301350	116.33404483	39.950428505	116.3340488	39.950401166666666
301360	116.33404167333333	39.950439511666666	116.33404156666667	39.95041295
301370	116.334038985	39.95044991666666	116.33403623333334	39.95042178333333
301380	116.3340358	39.95046028	116.33403123333333	39.95043245
301390	116.334032825	39.950470143333334	116.3340262	39.95044305
301400	116.334030005	39.95047976833333	116.33402373333334	39.95045138333333
301410	116.33402730666667	39.9504894	116.3340207	39.950458833333336
301420	116.33402468833333	39.950499138333335	116.33401653333334	39.95046693333333
301430	116.334022325	39.95050903166667	116.334012	39.95047495
301440	116.33401945833333	39.950519183333334	116.33400648333334	39.950483983333335
301450	116.33401667333334	39.95052926666666	116.33400235	39.95049426666667
301460	116.33401394833334	39.95053916166667	116.33399788333334	39.950503033333334
301470	116.33401129666667	39.950549036666665	116.33399591666667	39.950512866666664
301480	116.33400741666667	39.95055889	116.33399355	39.950524183333336
301490	116.334004215	39.95056867666667	116.33399011666667	39.950534733333335
301500	116.33400059666667	39.950578175	116.33398741666667	39.95054401666667
301510	116.33399696666666	39.950586316666666	116.33398223333333	39.95055361666667
301520	116.33398945166667	39.950593706666666	116.33397543333334	39.95056301666666
301530	116.33398008666667	39.950600535	116.33396798333334	39.9505711
301540	116.33396856333333	39.95060611666667	116.33395796666667	39.950578
301550	116.33395669333333	39.95061074666667	116.33394858333334	39.95058328333333
301560	116.33394356	39.950613356666665	116.33393776666666	39.950586333333334
301570	116.33393045666666	39.95061569166667	116.33392646666667	39.9505892
301580	116.333916575	39.95061681333333	116.33391416666667	39.95059205
301590	116.333901715	39.95061632666667	116.33389945	39.95059365
301600	116.333886765	39.950614361666666	116.33388401666667	39.95059268333333
301610	116.33387298166667	39.950611863333336	116.33386843333334	39.95058933333333
301620	116.33385884833334	39.950608245	116.33385125	39.9505847
301630	116.3338458	39.950603926666666	116.3338355	39.95057893333333
301640	116.33383263666667	39.950600245	116.33382035	39.950575566666664
301650	116.333820725	39.950596185	116.33380938333333	39.95057138333333
301660	116.33380917	39.950591695	116.33379758333334	39.9505664
301670	116.33379707333333	39.95058810333333	116.33378301666667	39.950561666666665
301680	116.33378385666667	39.95058483333333	116.33377008333333	39.95055743333333
301690	116.33377067	39.950581101666664	116.3337604	39.9505544
301700	116.333757875	39.950577753333334	116.33375513333333	39.9505518
301710	116.33374496	39.95057445333333	116.33374801666666	39.9505497
301720	116.33373194	39.95057093166667	116.33373626666666	39.95054765
301730	116.33371847666666	39.950567295	116.33372431666666	39.95054525
301740	116.33370502666666	39.95056397	116.33371225	39.95054186666667
301750	116.33369224166667	39.95056040833333	116.33370143333333	39.95053791666667
301760	116.33367999833334	39.95055724666667	116.33368658333333	39.950535466666665
301770	116.33366737333333	39.95055392333333	116.33367035	39.95053418333333
301780	116.33365424333333	39.950550856666666	116.3336521	39.95053095
301790	116.33364182	39.950547658333335	116.33363535	39.950528
301800	116.333629605	39.95054465	116.33362113333334	39.9505254
301810	116.33361632333333	39.950541425	116.33360796666666	39.950522666666664
301820	116.33360305	39.950538045	116.33359373333333	39.950519566666664
301830	116.33358951666666	39.9505347	116.33357803333334	39.95051625
301840	116.33357554833333	39.95053147833333	116.33356351666667	39.950512483333334
301850	116.33356207833333	39.95052839666667	116.333548	39.950508733333336
301860	116.33354895333333	39.950524635	116.33353301666666	39.95050441666667
301870	116.33353642333333	39.950520901666664	116.33352036666666	39.95049996666667
301880	116.33352419	39.9505174	116.33350795	39.950495866666664
301890	116.333512415	39.950514031666664	116.3334953	39.950491633333336
301900	116.33350001	39.95051032166667	116.33348336666667	39.95048886666667
301910	116.33348721666667	39.95050650666667	116.33347088333333	39.95048615
301920	116.33347451333333	39.95050277833333	116.33345906666666	39.95048455
301930	116.33346220166666	39.95049925666667	116.33344903333334	39.95048431666667
301940	116.333449915	39.95049623166667	116.33343776666666	39.950481966666665
301950	116.33343703333334	39.950492695	116.33342493333333	39.9504783
301960	116.33342417166666	39.950489561666664	116.33340991666667	39.95047438333334
301970	116.33341153666667	39.95048614	116.33339486666667	39.95047025
301980	116.33339896833333	39.95048333	116.3333791	39.950467366666665
301990	116.33338654333333	39.950479735	116.33336386666667	39.95046361666667
302000	116.33337461	39.95047706	116.33334843333333	39.95045845
302010	116.33336185166667	39.950473513333336	116.33333401666667	39.950452983333335
302020	116.33334826166667	39.950470128333336	116.33332221666667	39.950450966666665
302030	116.33333563166667	39.950466595	116.33331316666667	39.950450483333334
302040	116.33332307166667	39.95046335	116.3333038	39.9504495
302050	116.33331132	39.950460193333335	116.33329436666666	39.9504479
302060	116.33329944166667	39.95045744666667	116.333286	39.95044441666667
302070	116.33328749166667	39.950454306666664	116.33327606666667	39.950441383333334
302080	116.33327452	39.950451566666665	116.333265	39.95043843333333
302090	116.333262225	39.95044858666667	116.33325455	39.95043561666667
302100	116.33325052666666	39.95044570833333	116.33324526666667	39.950433833333335
302110	116.33323870333334	39.950442796666664	116.33323321666667	39.9504311
302120	116.333227465	39.95043976833333	116.33322143333334	39.95042775
302130	116.33321531166666	39.950435893333335	116.33320895	39.95042185
302140	116.333203715	39.950431385	116.333196	39.95041363333333
302150	116.33319182	39.950426828333335	116.3331817	39.95040543333333
302160	116.33317960333333	39.95042204833333	116.33316838333333	39.950402266666664
302170	116.333167575	39.95041724	116.33315651666666	39.95039728333333
302180	116.33315600666667	39.950411708333334	116.33314401666667	39.95039121666667
302190	116.33314475	39.950405945	116.33313353333334	39.9503871
302200	116.33313484333334	39.95039967833333	116.33312655	39.95038138333334
302210	116.33312516666666	39.95039376	116.33312023333333	39.95037501666667
302220	116.33311783833334	39.95038477166667	116.333117	39.950365833333336
302230	116.33311361166666	39.950374266666664	116.33311568333333	39.9503567
302240	116.333111825	39.95036269166667	116.33311486666666	39.95034738333333
302250	116.33311317	39.95035136166667	116.33311731666667	39.95033905
302260	116.33311574333334	39.95034065833333	116.33312055	39.95033105
302270	116.333119025	39.95033141	116.3331233	39.950324183333336
302280	116.33312265666666	39.950322	116.33312528333333	39.9503168
302290	116.33312520333334	39.95031219	116.33312746666667	39.950308783333334
302300	116.33312929333333	39.95030170166667	116.33312445	39.95029856666667
302310	116.3331335	39.950291555	116.33312158333334	39.95028896666667
302320	116.33313683666667	39.95028181666667	116.33312108333334	39.950280516666666
302330	116.33313991166666	39.95027173333333	116.33312331666667	39.95027006666667
302340	116.3331435	39.950261465	116.33312701666667	39.950259816666666
302350	116.33314632	39.95025093666667	116.33313135	39.95024975
302360	116.333148815	39.950240746666665	116.33313681666667	39.95023883333333
302370	116.333152415	39.95023130166667	116.33314046666666	39.9502282
302380	116.333154525	39.95022179	116.33314213333334	39.95021656666667
302390	116.333156985	39.95021236	116.3331334	39.95020606666667
302400	116.33315725333334	39.95020349333333	116.33312255	39.95019395
302410	116.33315654333333	39.95019384166667	116.33311521666667	39.9501809
302420	116.33315483833333	39.95018472666667	116.33311228333334	39.950169216666666
302430	116.33315355166667	39.950175475	116.33311286666667	39.950159
302440	116.33315148666667	39.95016585166667	116.33311795	39.95015096666667
302450	116.33315053666666	39.95015583833333	116.33312231666666	39.95014116666667
302460	116.333151445	39.950145281666664	116.33312666666667	39.9501306
302470	116.33315330666667	39.950134133333336	116.33313295	39.9501194
302480	116.33315667333333	39.95012366	116.33313971666666	39.950108416666666
302490	116.33316015833333	39.95011321	116.33314473333333	39.95009645
302500	116.33316451	39.95010231166667	116.33315021666667	39.95008396666667
302510	116.33316825333333	39.95009205666667	116.33315476666667	39.9500722
302520	116.333172515	39.95008273166667	116.33315898333333	39.9500615
302530	116.33317678833333	39.95007482333333	116.33316275	39.95005315
302540	116.333180435	39.95006635666667	116.33316733333334	39.95004506666667
302550	116.333183495	39.950056905	116.33317283333334	39.95003676666666
302560	116.33318642166667	39.95004711666667	116.33317915	39.9500289
302570	116.33318935833333	39.95003809333333	116.3331883	39.95002243333333
302580	116.33319250333334	39.950029056666665	116.3331975	39.9500155
302590	116.33319668333333	39.95001951333333	116.33320591666667	39.95000651666667
302600	116.33320002833334	39.950010303333336	116.3332126	39.94999846666666
302610	116.33320302666667	39.950001838333336	116.33321756666666	39.94999191666667
302620	116.33320707166666	39.94999308166667	116.333222	39.94998425
302630	116.33321049833333	39.949984215	116.33322071666667	39.949975816666665
302640	116.33321409166666	39.949974625	116.33322081666667	39.94996608333334
302650	116.33321812333334	39.949965123333335	116.33322365	39.94995668333333
302660	116.33322207166667	39.94995547	116.33322716666666	39.9499475
302670	116.33322618833333	39.949945745	116.33322931666666	39.94993813333333
302680	116.33323019833334	39.94993591	116.33323026666666	39.94992836666667
302690	116.33323479833334	39.949926178333335	116.3332324	39.94991988333334
302700	116.33323894	39.949916646666665	116.3332345	39.949911566666664
302710	116.33324321	39.949907295	116.33323695	39.94990311666667
302720	116.333247415	39.949897666666665	116.33324068333333	39.949894883333336
302730	116.33325090166667	39.949888105	116.33324303333333	39.9498898
302740	116.33325447	39.949878668333334	116.33324108333333	39.94988468333333
302750	116.33325734666667	39.949868953333336	116.33324086666667	39.9498784
302760	116.33325970666667	39.949859395	116.33323693333334	39.94986795
302770	116.33326061833333	39.94984985166667	116.3332363	39.94985723333333
302780	116.333261105	39.949840308333336	116.33323676666667	39.949845716666665
302790	116.33326164	39.94983074333334	116.33324038333333	39.949834333333335
302800	116.33326293666667	39.94982030333333	116.33324053333334	39.94982075
302810	116.33326082	39.949809635	116.3332438	39.94980768333333
302820	116.33326536666667	39.949798818333335	116.33324681666667	39.949794583333336
302830	116.33326509666666	39.94978863833333	116.33324833333333	39.949781916666666
302840	116.33326574333333	39.949778038333335	116.3332446	39.949765766666665
302850	116.33326853166666	39.949768125	116.3332386	39.94974655
302860	116.333271425	39.94975756833333	116.33324085	39.94973275
302870	116.33327473333334	39.949746833333336	116.33324226666667	39.94971785
302880	116.333278845	39.94973658333333	116.33324733333333	39.94970468333333
302890	116.333282565	39.94972692	116.33325225	39.94969163333333
302900	116.33328522166667	39.94971760833333	116.33325736666667	39.949679833333334
302910	116.33328745833333	39.94970909333333	116.33327085	39.94967078333333
302920	116.33328877666666	39.94970185333333	116.333282	39.94966348333333
302930	116.33328933333334	39.94969420166667	116.33328623333334	39.949655
302940	116.33328978166666	39.94968563166667	116.33328525	39.949645716666666
302950	116.33329080833333	39.94967636	116.33328516666667	39.94963611666667
302960	116.33329379166666	39.94966801333333	116.33328511666667	39.94962773333334
302970	116.33330047833333	39.94965920333333	116.33328748333334	39.94962165
302980	116.33330959	39.94965129333333	116.33328931666667	39.949616633333335
302990	116.33332007	39.94964455	116.33329773333334	39.94961075
303000	116.33333234666667	39.94964055166667	116.33331105	39.949607916666665
303010	116.33334394333333	39.94963937	116.33332578333334	39.9496091
303020	116.333355025	39.949640323333334	116.33334083333334	39.949611733333334
303030	116.33336695666667	39.94964231	116.33335496666666	39.949614716666666
303040	116.33337945666666	39.949643171666665	116.33336873333333	39.949616516666666
303050	116.333393315	39.94964466166667	116.3333819	39.94961583333333
303060	116.33340662	39.94964598666667	116.33339436666667	39.949614016666665
303070	116.33341985333334	39.949646933333334	116.33340826666667	39.94961528333333
303080	116.33343275666667	39.949648260000004	116.33342255	39.94962005
303090	116.33344534	39.949649255	116.33343508333333	39.9496236
303100	116.33345825666666	39.949650283333334	116.3334484	39.94962556666667
303110	116.33347109166667	39.949651806666665	116.333461	39.9496282
303120	116.33348409666667	39.949653276666666	116.3334722	39.9496314
303130	116.33349707166667	39.949655355	116.33348391666667	39.94963688333333
303140	116.333510275	39.94965766	116.33349586666667	39.94964146666667
303150	116.33352241833333	39.94965858	116.3335098	39.94964743333333
303160	116.33353543	39.949660465	116.33352401666667	39.94965245
303170	116.33354754333334	39.949661821666666	116.33353785	39.94965741666667
303180	116.33356055833333	39.949663355	116.3335514	39.949661
303190	116.33357275833333	39.949664688333336	116.33356608333334	39.949662833333335
303200	116.33358574	39.94966704666667	116.33358013333333	39.94966565
303210	116.33359829166666	39.949668593333335	116.33359278333333	39.949666216666664
303220	116.33361133166666	39.94967089833333	116.33360413333334	39.9496658
303230	116.33362392833334	39.949673705	116.33361476666667	39.94966665
303240	116.33363703	39.949675858333336	116.33362255	39.94966848333333
303250	116.33364909166667	39.94967824166667	116.33362975	39.94966998333334
303260	116.33366001166667	39.949681156666664	116.333639	39.94967068333333
303270	116.33367101166667	39.94968375	116.33365125	39.94967105
303280	116.33368276	39.9496872	116.33366416666667	39.94967423333333
303290	116.333696045	39.949689085	116.33367918333333	39.94967688333333
303300	116.33370846166666	39.949691871666666	116.33369546666667	39.9496783
303310	116.33372116833333	39.949693696666664	116.33371241666667	39.94967978333333
303320	116.33373484	39.94969584166667	116.33373076666666	39.949678
303330	116.33374775	39.949697665	116.33374923333334	39.9496778
303340	116.33376072	39.94969948	116.33376251666667	39.9496785
303350	116.33377367666667	39.94970133	116.33377581666667	39.94967835
303360	116.33378627333333	39.94970322166667	116.3337889	39.94967846666667
303370	116.33379993333334	39.94970523166667	116.33380366666667	39.94968248333333
303380	116.33381254	39.94970761166667	116.33381788333334	39.9496884
303390	116.33382546333333	39.949709043333336	116.33383081666666	39.94969205
303400	116.33383877833333	39.94971275666666	116.3338427	39.94969591666667
303410	116.33385232333333	39.94971477666667	116.33385391666667	39.949698833333336
303420	116.33386646333334	39.949716655	116.33386566666667	39.949700033333336
303430	116.33387942333333	39.94971967833333	116.33387615	39.9497016
303440	116.333892245	39.94972298166667	116.3338861	39.949703183333334
303450	116.33390549666667	39.949725703333336	116.33389805	39.94970565
303460	116.33391792666667	39.949727925	116.33391263333333	39.949706866666666
303470	116.33393087333333	39.94973020166667	116.33392718333333	39.94970825
303480	116.333944425	39.94973296	116.3339427	39.949711883333336
303490	116.33395761333334	39.949735888333336	116.33395718333334	39.94971923333333
303500	116.33397077333333	39.949738526666664	116.33397181666666	39.949728433333334
303510	116.33398286166667	39.94974071666667	116.33398726666667	39.9497366
303520	116.33399423166667	39.949742558333334	116.33400196666666	39.94974235
303530	116.334004415	39.949743765	116.33401361666667	39.9497465
303540	116.33401328666666	39.94974551666667	116.33402481666667	39.94974941666667
303550	116.33402215166667	39.94974755166667	116.334036	39.949749516666664
303560	116.334032695	39.94974988	116.33404816666666	39.9497501
303570	116.334043915	39.94975269333333	116.33406406666667	39.9497497
303580	116.33405431333334	39.94975436833333	116.33407603333333	39.94974788333333
303590	116.33406393	39.949755895	116.33408538333333	39.94974825
303600	116.33407435	39.94975779333333	116.33409408333333	39.9497476
303610	116.33408467166667	39.949759236666665	116.33410285	39.94974545
303620	116.33409536666667	39.949760936666664	116.33410953333333	39.94974195
303630	116.334106045	39.94976216333333	116.33411401666666	39.94973923333333
303640	116.33411545666667	39.949763241666666	116.33411605	39.949736916666666
303650	116.33412590833333	39.94976430333333	116.3341205	39.949735483333335
303660	116.334137195	39.949765565	116.33412701666667	39.949737166666665
303670	116.33414794333333	39.949767316666666	116.3341351	39.94973828333333
303680	116.33415913	39.949768821666666	116.33414583333334	39.949741233333334
303690	116.33416990833334	39.94977104	116.33415735	39.9497461
303700	116.33417979833334	39.94977377833333	116.33416665	39.9497502
303710	116.334189135	39.949777055	116.33417655	39.949756283333336
303720	116.334197325	39.94978171	116.33418421666667	39.94976153333333
303730	116.33420562	39.949785991666666	116.33419111666667	39.94976805
303740	116.33421322333334	39.94979185	116.334198	39.94977468333333
303750	116.334220855	39.94979781666667	116.3342078	39.9497813
303760	116.33422798833334	39.94980438666666	116.3342136	39.94978785
303770	116.33423357666666	39.94981121166666	116.33421808333334	39.949793316666664
303780	116.33423836166666	39.94981860666667	116.33422161666667	39.94979768333334
303790	116.33424232166666	39.94982517166667	116.33422308333333	39.94980265
303800	116.33424298833333	39.94983244	116.33422223333334	39.949807666666665
303810	116.334242045	39.94983959166667	116.3342192	39.94981453333333
303820	116.334240235	39.949846881666666	116.33421568333333	39.9498204
303830	116.33423701333334	39.949854441666666	116.33421225	39.94982725
303840	116.33423457666666	39.94986148833333	116.33420891666667	39.94983465
303850	116.33423217666666	39.949868595	116.3342071	39.9498426
303860	116.33422984833334	39.949876116666665	116.33420596666667	39.949850266666665
303870	116.33422887833333	39.949883783333334	116.33420365	39.94985678333333
303880	116.33422774833333	39.94989047833333	116.33420376666666	39.94986346666666
303890	116.33422653833334	39.949896896666665	116.33420395	39.9498686
303900	116.33422546833333	39.949900955	116.33420765	39.949871783333336
303910	116.33422412333333	39.94990514	116.33420861666667	39.9498746
303920	116.33422275	39.94990942333333	116.33420356666667	39.949875633333335
303930	116.33422104	39.94991470666667	116.33419636666666	39.94987686666666
303940	116.334218755	39.949921015	116.33419435	39.94988361666667
303950	116.33421704666667	39.949927861666666	116.33419538333334	39.94989098333333
303960	116.334215535	39.94993567	116.33419733333334	39.9498997
303970	116.33421429833334	39.94994391666667	116.33419938333333	39.94990953333333
303980	116.334213315	39.94995223833333	116.33420055	39.9499195
303990	116.33421132833334	39.94996086	116.33420106666667	39.94992915
304000	116.334209455	39.94996956666667	116.33420298333333	39.949938833333334
304010	116.33420745	39.94997830166667	116.33420303333334	39.94994766666667
304020	116.33420475833333	39.94998713166667	116.33419938333333	39.949956533333335
304030	116.33420165833333	39.94999628666667	116.33419621666667	39.949966116666666
304040	116.33420019833333	39.950005855	116.33419323333334	39.94997586666667
304050	116.334196895	39.95001524833334	116.33418776666667	39.949986
304060	116.33419366333334	39.950024508333335	116.33417988333333	39.9499959
304070	116.33419111333333	39.950033643333335	116.33417318333333	39.9500058
304080	116.33418808833333	39.95004248833333	116.33416953333334	39.95001596666667
304090	116.33418570166667	39.950051398333336	116.3341689	39.95002845
304100	116.33418250666666	39.95006005166667	116.33416615	39.95004013333333
304110	116.33418	39.950069105	116.33416376666666	39.95005213333334
304120	116.33417901166666	39.95007851166667	116.33415995	39.950063666666665
304130	116.334177245	39.95008797333333	116.33415481666667	39.95007341666667
304140	116.33417522333333	39.950097568333334	116.33415241666667	39.95008373333334
304150	116.33417207666666	39.95010695	116.33415145	39.9500944
304160	116.33416898166666	39.950116725	116.33414816666667	39.95010455
304170	116.33416580833334	39.950126078333334	116.3341441	39.95011335
304180	116.33416274833333	39.9501349	116.33413836666666	39.9501215
304190	116.33415880833333	39.950143455	116.33413306666667	39.95012713333333
304200	116.33415469833334	39.950152455	116.3341287	39.95013425
304210	116.33415033166666	39.950161375	116.33412568333334	39.95014208333333
304220	116.33414712	39.95017025666667	116.3341226	39.95015051666667
304230	116.33414415333333	39.95017938666667	116.33412081666667	39.95015956666667
304240	116.33414119	39.95018828333333	116.33411956666667	39.95016918333334
304250	116.33413834666666	39.95019740833333	116.33411683333334	39.95017728333333
304260	116.33413564666667	39.95020632666667	116.33411683333334	39.9501852
304270	116.33413278666667	39.95021510833333	116.3341167	39.95019235
304280	116.33412947666666	39.95022410333333	116.33411423333334	39.950198066666665
304290	116.33412688	39.950232983333336	116.33411148333333	39.95020541666667
304300	116.33412414333333	39.95024035	116.33410821666666	39.9502126
304310	116.33412231833333	39.95024668166667	116.334107	39.9502164
304320	116.33412018333334	39.950253245	116.3341044	39.95022066666667
304330	116.33411717833333	39.950261336666664	116.33410055	39.95022695
304340	116.33411378333334	39.95027060666666	116.33409615	39.95023393333334
304350	116.33411070666666	39.95028027666667	116.33409018333333	39.950241133333336
304360	116.3341064	39.95028976166667	116.3340852	39.95024733333333
304370	116.33410256166667	39.950299566666665	116.33407986666667	39.9502559
304380	116.33409912	39.95030849333333	116.33407781666666	39.9502643
304390	116.33409644333334	39.95031677833333	116.33407828333333	39.950271916666665
304400	116.33409354333334	39.950325035	116.33408408333334	39.95028216666667
304410	116.33409053333334	39.95033303	116.3340852	39.950293083333335
304420	116.33408710833334	39.95034115833333	116.33408475	39.95030258333333
304430	116.33408400666667	39.95034909666666	116.33408506666666	39.95031218333333
304440	116.33408143166666	39.95035808	116.33408601666666	39.95032236666667
304450	116.3340783	39.950367815	116.3340833	39.95033525
304460	116.33407561	39.950377386666666	116.33408011666667	39.950348016666666
304470	116.334072195	39.95038763833333	116.33407795	39.950359633333335
304480	116.33406885333333	39.950397953333336	116.33407621666667	39.95037001666667
304490	116.33406578666667	39.950408468333336	116.33407356666666	39.950380833333334
304500	116.33406258	39.95041892	116.33407185	39.95039306666666
304510	116.33405898	39.95042891833333	116.33406963333333	39.950403933333334
304520	116.33405497666666	39.95043968833333	116.33406523333333	39.95041393333333
304530	116.33405204666667	39.950450225	116.3340559	39.950422366666665
304540	116.33404907	39.950460596666666	116.33405045	39.95043123333333
304550	116.33404493333333	39.95047095166667	116.33404308333333	39.95044096666667
304560	116.33404161166666	39.950480095	116.33403755	39.95044996666667
304570	116.334038365	39.95048987333333	116.33403236666666	39.950460633333336
304580	116.33403514666666	39.95049958166667	116.33402943333333	39.9504713
304590	116.33403252666666	39.950509233333335	116.33402333333333	39.950480866666666
304600	116.3340299	39.950518695	116.33401951666667	39.95048861666667
304610	116.33402654	39.950528075	116.334018	39.95049373333333
304620	116.33402335166667	39.95053831333333	116.334015	39.950499883333336
304630	116.334019815	39.95054857666667	116.3340134	39.95050753333334
304640	116.33401590666666	39.95055861	116.33401028333333	39.95051671666667
304650	116.33401152833333	39.950568775	116.33400801666667	39.950528383333335
304660	116.33400365333334	39.950577988333336	116.3340043	39.9505407
304670	116.33399496666667	39.950586701666666	116.33399778333333	39.95055141666667
304680	116.33398451	39.95059389833333	116.33398905	39.95056288333333
304690	116.33397206333333	39.95059963833333	116.33397775	39.95057151666666
304700	116.333960345	39.95060480833333	116.33396485	39.950576266666666
304710	116.33394791	39.950609021666665	116.3339521	39.95058121666667
304720	116.333934995	39.950612475	116.33393888333333	39.95058683333333
304730	116.333921775	39.950615301666666	116.33392536666666	39.95059165
304740	116.33390706833333	39.95061558	116.33391096666666	39.950594433333336
304750	116.33389270833334	39.95061515333333	116.33389621666667	39.950596233333336
304760	116.33387800333334	39.950613571666665	116.33387993333334	39.95059765
304770	116.33386463333333	39.950610365	116.33386486666667	39.95059608333333
304780	116.33385219833333	39.95060633166667	116.33384866666667	39.95059065
304790	116.33383927666667	39.950602423333336	116.33383335	39.95058436666667
304800	116.33382676166667	39.95059832166667	116.33382126666666	39.9505784
304810	116.333814255	39.95059370333333	116.33380965	39.95057215
304820	116.333801845	39.950590205	116.33379441666666	39.950568366666666
304830	116.33378907333334	39.950586443333336	116.33377823333333	39.95056486666667
304840	116.333776165	39.95058308833333	116.33376451666666	39.950560333333335
304850	116.33376294166666	39.95058045	116.33375155	39.95055516666667
304860	116.33375074666667	39.95057714166666	116.33373863333334	39.9505507
304870	116.33373843	39.95057407	116.3337242	39.95054555
304880	116.33372630166667	39.950571045	116.33370948333334	39.9505418
304890	116.3337137	39.950567891666665	116.33369428333333	39.95053531666667
304900	116.33370092	39.950564781666664	116.33367951666666	39.95052858333333
304910	116.33368866833334	39.95056178666667	116.33366701666667	39.9505247
304920	116.33367629	39.95055837333334	116.33365495	39.9505204
304930	116.33366371333334	39.95055485666666	116.3336443	39.95051655
304940	116.33365136166667	39.950551595	116.33363465	39.950513566666665
304950	116.33363867833333	39.95054821	116.33362415	39.9505118
304960	116.33362565	39.95054489666666	116.33361275	39.950510816666664
304970	116.33361238666667	39.95054216	116.3335997	39.950509366666665
304980	116.33359933	39.95053949333333	116.333588	39.9505088
304990	116.33358612	39.950536416666665	116.33357616666666	39.950508166666665
305000	116.333573065	39.950533363333335	116.33356218333333	39.95050498333333
