-0.7401666664 6.9686666670
-0.6639999995 6.9865000000
-0.6055000000 6.9911666671
-0.5358333340 7.0101666672
-0.4750000002 7.0211666667
-0.4323333329 7.0373333330
-0.3964999991 7.0516666668
-0.3583333324 7.0369999996
-0.3408333328 7.0408333329
-0.3415000009 7.0355000005
-0.3393333330 7.0364999999
-0.3384999999 7.0335000004
-0.3313333337 7.0355000005
-0.3318333327 7.0321666669
-0.3579999998 7.0376666670
-0.4004999994 7.1011666662
-0.4098333335 7.1790000000
-0.4063333336 7.2506666669
-0.4008333335 7.2936666669
-0.4919999995 7.2889999998
-0.6266666659 7.2469999999
-0.7979999992 7.2021666661
-1.0108333328 7.1829999996
-1.2699999999 7.1548333331
-1.5329999997 7.2404999997
-1.6346666669 7.3038333333
-1.6729999999 7.3231666669
-1.8641666657 7.3761666663
-1.9399999999 7.3635000000
-1.8166666663 7.3853333333
-1.6855000013 7.4761666667
-1.7908333319 7.2863333337
-1.9248333331 6.9258333333
-2.1500000003 6.5848333335
-2.6700000006 6.1421666665
-3.3410000000 5.7396666669
-3.9471666668 5.3888333333
-4.3744999999 5.1878333331
-4.5906666656 5.0740000006
-4.7273333323 5.0066666667
-4.9915000005 4.8883333335
-5.3706666662 4.6000000005
-5.5375000002 4.5170000000
-5.2319999995 4.6541666670
-4.8073333332 4.6625000003
-4.4024999994 4.8086666666
-4.1324999998 4.7559999999
-4.0000000013 4.4866666663
-3.9633333330 4.1361666668
-3.8866666657 3.6159999993
-3.6980000004 3.0529999997
-3.4346666666 2.5838333336
-3.0361666660 2.7616666664
-2.7200000005 3.1273333335
-2.0824999993 3.3406666667
-1.5143333329 3.3790000003
-1.1350000008 3.4029999995
-0.8923333326 3.4533333334
-0.8053333332 3.5388333330
-0.6168333343 3.7724999999
-0.7146666675 3.8323333328
-0.6536666675 3.6170000001
-0.0775000004 3.3314999996
0.1863333324 3.1166666666
0.1233333336 2.8114999999
0.3110000009 2.4339999996
0.8641666653 2.0570000004
1.5445000003 1.5951666668
2.0206666662 1.2479999995
2.2474999994 1.0343333336
2.4074999999 0.8961666666
2.6573333329 0.8520000002
2.9166666678 0.8653333332
3.2581666673 0.9616666667
3.5446666672 1.0454999995
4.1716666672 1.4231666661
4.6264999995 1.7800000002
5.1038333325 1.9853333335
5.4305000006 2.0944999996
5.2990000000 2.1068333332
5.2005000001 2.1608333334
4.8704999998 2.1508333333
4.6019999999 2.3791666671
4.4178333340 2.8411666662
4.1336666669 3.0870000003
3.5580000002 3.0798333334
3.0839999994 2.9893333334
2.6269999992 2.8626666669
2.1778333334 2.6208333331
1.9555000009 2.2598333331
1.8138333331 2.0718333332
1.7493333345 1.8220000001
2.0044999999 1.5693333339
2.1456666659 1.2255000001
2.4103333331 0.6870000000
2.8721666666 0.3938333336
3.4506666680 0.3126666670
4.0266666673 0.3351666663
4.3568333339 0.3088333337
4.4135000010 0.3931666669
4.6071666659 0.4871666668
4.6479999995 0.6363333334
4.6314999992 0.5806666664
4.4681666679 0.6068333334
4.2681666670 0.7406666668
4.3771666668 0.8225000002
3.8998333338 1.1893333330
3.3244999997 1.4978333333
3.1703333335 1.6011666666
3.2618333336 1.8321666666
2.9269999999 2.0516666666
2.6943333339 2.2756666667
2.4611666660 2.4798333335
2.3261666669 2.6881666663
2.3043333329 2.9051666672
2.6461666664 2.9460000000
2.3276666667 3.1356666668
1.9275000000 3.2371666670
1.7029999995 3.3086666669
1.7795000005 3.2473333334
1.6823333340 3.2310000002
1.2966666674 3.2095000002
1.1271666679 3.0644999995
1.5415000007 2.4950000004
1.8605000008 2.1661666672
1.9843333334 2.1676666670
2.1770000004 2.1504999999
2.2911666662 2.2485000002
2.3358333337 2.3468333332
2.2616666669 2.3934999994
2.0836666664 2.4208333336
1.9668333337 2.4716666672
1.8078333326 2.5451666666
1.0189999998 2.5718333333
0.4291666670 2.5918333336
0.0889999995 2.5456666663
-0.2026666664 2.5874999999
-0.3144999994 2.6178333336
-0.1761666667 2.5998333335
0.1341666660 2.5578333329
0.5551666675 2.4801666669
0.7901666663 2.4644999996
1.1430000001 2.4486666661
1.5194999989 2.5400000006
2.1485000005 2.5251666671
2.8944999997 2.3643333336
3.7328333335 2.2168333331
3.7638333325 2.3485000000
3.3798333334 2.4040000000
2.7821666663 2.4721666662
2.1980000014 2.5393333331
1.9283333330 2.6411666667
1.6243333334 2.8168333337
1.3513333329 2.9471666664
1.0498333339 3.0146666667
0.6968333338 3.0876666663
0.2878333333 3.1820000004
0.2879999997 3.3496666667
0.1413333337 3.4963333334
0.1466666674 3.4253333332
0.2853333342 3.3196666664
0.1795000003 3.3628333334
0.0830000005 3.3288333334
-0.1205000004 3.0889999998
-0.4068333325 3.0546666665
-0.3328333335 3.1463333336
-0.1856666657 3.1924999995
-0.2568333343 3.2930000003
-0.3868333337 3.2368333336
-0.4515000001 3.1736666664
-0.4648333331 3.1093333334
-0.6560000003 3.0539999997
-0.8951666658 3.1165000003
-1.0000000003 3.0291666668
-1.0405000012 3.0299999999
-0.8773333334 2.9650000002
-0.3970000009 2.7338333332
0.0106666661 2.6561666665
0.2751666671 2.8133333331
0.4566666661 2.7830000001
0.6624999997 2.7093333337
0.6271666663 2.8385000000
0.6606666673 3.0566666666
0.8154999989 3.2205000004
1.0325000005 3.4081666669
1.2974999990 3.5199999999
1.4323333332 3.4999999997
1.6064999997 3.6128333335
1.5380000008 3.6170000001
1.3866666663 3.4706666668
1.4098333324 3.3943333335
1.3179999996 3.4158333328
1.4733333330 3.2699999998
1.4018333331 3.0690000003
1.2103333333 2.9435000002
1.0596666655 2.8116666670
0.8109999996 2.7463333339
0.5793333330 2.7023333331
0.3989999996 2.6491666667
0.2408333330 2.4763333336
0.2264999992 2.2676666667
0.2748333330 2.1678333333
0.4548333337 2.2530000003
0.7598333340 2.3544999998
1.0300000000 2.4993333334
1.2286666674 2.4678333332
1.1341666664 2.4801666669
1.1586666659 2.5295000000
1.4056666657 2.6436666666
1.3773333336 2.7400000000
1.0270000004 2.6701666663
0.2741666677 2.5953333335
-0.3056666657 2.4753333328
-0.4326666655 2.3281666671
-0.5840000000 2.2045000001
-0.7223333341 2.2103333329
-0.9191666663 2.2491666662
-0.6584999994 2.1780000004
-0.2976666678 1.9739999999
0.2143333333 1.9906666665
0.6470000002 1.9658333336
0.8471666661 1.9250000001
0.8356666669 1.8758333333
0.9316666663 1.8478333338
1.1483333324 1.8449999999
1.2031666657 1.8994999998
1.4078333336 1.9663333333
1.5936666671 2.0218333333
1.6056666666 2.0934999995
1.6240000008 2.1533333339
1.7115000006 2.2398333329
1.6643333325 2.1455000002
1.6333333335 2.0356666667
1.5446666666 1.8228333332
1.3168333325 1.4940000000
1.2148333340 1.4265000004
1.2100000006 1.4395000001
1.4254999996 1.5178333328
1.6670000008 1.5890000000
1.9868333325 1.5963333333
2.2676666660 1.6118333335
2.6176666680 1.8609999998
2.7834999997 2.0530000000
2.6044999998 1.9161666671
2.2465000001 1.6111666667
1.9271666673 1.3850000002
1.6953333343 1.2293333334
1.3441666667 1.3029999998
1.1424999997 1.2923333330
0.9520000006 1.3133333333
0.7674999992 1.2970000000
0.5259999995 1.1874999998
0.5486666666 1.1696666661
0.6031666658 1.2018333329
0.6361666664 1.4043333337
0.7714999995 1.7751666668
1.0119999999 2.1395000005
1.1220000005 1.9781666666
1.1058333342 1.9956666669
1.1990000004 2.0491666668
1.1216666664 1.8845000000
0.8293333337 1.8294999997
0.4933333329 1.8743333328
0.0838333335 1.8938333334
-0.2071666671 1.7566666664
-0.3041666659 1.5308333339
-0.4146666669 1.2311666673
-0.4806666666 0.9608333329
-0.4274999995 0.7226666661
-0.2626666671 0.5199999997
-0.2263333329 0.3406666664
0.4843333329 0.3135000000
1.1916666665 0.2588333331
1.5753333329 0.1300000001
1.6594999991 0.1666666662
1.6483333340 0.1648333331
1.4969999995 0.1186666672
1.1998333335 0.1913333335
1.1948333338 0.3101666671
1.2391666658 0.5223333332
2.3585000008 0.6293333335
3.4703333341 0.9543333334
4.1326666661 1.2941666668
4.2554999993 1.5510000004
4.0685000002 1.6475000002
3.3536666663 1.4884999999
2.8220000004 1.4671666662
2.4778333326 1.4681666663
2.0356666667 1.4733333337
1.6956666670 1.5243333337
1.5425000001 1.6760000001
1.4293333336 1.8345000001
1.3486666660 1.9856666668
1.3531666667 2.1231666672
1.4038333333 2.1673333329
1.3101666667 2.1289999999
1.0661666664 2.0138333333
0.7271666661 1.8216666668
0.1058333325 1.5660000003
-0.4996666661 1.3556666666
-0.9233333344 1.2996666662
-1.2571666659 1.1836666673
-1.4539999995 0.9921666667
-1.4928333343 0.8831666669
-1.0218333344 0.8398333335
-0.6725000006 0.8541666666
-0.5526666655 0.8440000002
-0.5094999992 0.7969999999
-0.3128333333 0.7611666668
-0.0068333321 0.7543333332
0.2398333336 0.6294999999
0.4439999998 0.5080000001
0.6260000006 0.4178333334
0.6731666673 0.2783333329
0.7868333341 -0.1695000002
1.3386666666 -0.6014999997
1.6479999999 -0.9446666667
2.2773333328 -0.8555000001
2.4318333331 -0.7381666663
2.4338333333 -0.5408333330
2.1256666670 -0.3589999999
2.2403333332 -0.0446666668
1.7020000001 0.1951666668
1.8549999993 0.4234999999
1.6763333335 0.6721666665
2.1143333328 1.2271666670
2.9931666660 2.1574999998
3.0575000011 2.4818333330
3.2466666667 2.8983333337
3.1511666663 3.1900000003
3.0315000004 3.5286666673
2.7854999999 3.7774999996
1.6608333326 3.8310000001
0.6776666666 3.8369999999
0.3100000001 3.9201666667
0.4531666661 3.9915000002
0.5641666661 4.0243333331
0.8674999989 4.0279999993
1.2994999992 3.7553333335
2.0273333334 3.4659999997
2.2336666660 3.3800000004
2.1296666660 3.2635000004
1.8159999996 3.0269999996
1.4191666665 2.8589999999
1.1990000004 2.7593333336
1.0723333332 2.6654999999
1.1414999989 2.8828333335
1.2253333338 3.1970000002
1.1586666673 3.1650000004
1.0206666673 2.8210000004
1.0256666670 2.5654999995
0.9856666665 2.4716666665
1.0091666667 2.3606666666
1.1896666663 2.1876666665
1.3155000005 1.8471666664
1.4408333328 1.6193333330
1.2618333329 1.1146666665
1.1413333326 0.8014999999
0.9693333340 0.4404999999
0.9158333327 0.2354999999
0.6674999995 0.1855000001
0.5606666676 0.1396666669
0.5508333331 0.2376666671
0.7198333321 0.5098333332
0.9161666668 0.7055000005
1.4480000004 0.7375000003
1.9341666672 0.8258333331
2.1011666661 1.0473333333
1.9761666664 1.2699999999
1.8593333337 1.2966666667
1.6861666666 1.2201666671
1.2994999992 1.3571666663
0.8751666655 1.3913333333
0.4073333344 1.7841666669
-0.1483333335 1.9864999999
-0.1796666666 2.0980000002
-0.2140000007 2.2980000004
-0.2626666671 2.4754999998
-0.3733333330 2.2748333336
-0.5343333342 1.9211666668
-0.5353333336 1.6993333332
-0.3921666675 1.6839999994
-0.1593333337 1.5943333331
0.0796666669 1.6621666667
0.3273333334 1.8078333333
0.6145000000 1.9798333334
0.7446666672 2.0053333337
0.5293333345 2.1058333331
0.3690000000 2.1951666668
0.1725000004 2.1076666663
0.0430000000 1.6655000003
-0.1043333327 1.0093333330
-0.4404999999 0.4116666666
-0.7734999997 0.0208333333
-0.9201666671 -0.2735000002
-1.1530000009 -0.3900000003
-1.3848333325 -0.1964999996
-1.5471666657 -0.0220000004
-2.0151666675 0.2993333332
-2.1719999992 0.6485000000
-2.1453333332 0.7645000004
-1.9733333332 1.0193333331
-1.8178333320 1.3786666663
-1.4166666659 1.8986666660
-0.7971666662 2.2930000000
-0.0593333340 2.6325000000
0.5408333337 2.8819999997
1.0178333326 2.8398333335
1.2843333337 2.9033333334
1.3296666665 2.7588333332
1.2558333339 2.4940000003
1.3148333338 2.3578333334
1.2585000007 2.0771666662
1.3108333334 2.0176666673
1.4503333333 1.7941666663
1.5223333335 1.7166666666
1.3054999997 1.6516666669
1.4388333341 1.6536666664
1.5493333322 1.7894999999
1.6744999996 2.0923333331
1.9238333337 2.2521666665
2.0754999994 2.4773333337
2.2844999990 2.5058333335
2.4551666669 2.6481666666
2.4763333343 2.7191666668
2.5659999991 2.6838333334
2.5076666660 2.5995000001
2.3881666664 2.5850000000
2.5228333328 2.7000000003
2.3981666672 2.7011666667
2.2588333337 2.8296666663
1.7818333333 2.9171666661
1.5506666657 3.0539999997
1.9183333322 3.3789999996
2.4673333343 3.7840000005
2.4404999991 3.7398333333
2.1663333328 3.6878333333
1.8201666663 3.5969999999
1.4915000008 3.4383333336
1.2764999994 3.2738333331
1.0261666674 3.1709999995
0.6471666680 3.0733333332
0.4416666656 3.0635000002
0.5375000001 3.0598333332
0.5441666659 3.0170000002
0.6964999997 2.9988333331
0.9128333332 2.9248333334
1.3780000003 2.8608333338
1.7929999999 2.7843333335
1.8554999997 2.6521666662
1.6801666675 2.2948333338
1.6356666663 1.9918333336
1.6233333341 1.6971666660
1.9061666663 1.4845000003
2.2428333338 1.4556666663
2.2806666664 1.3834999997
2.0626666668 1.2550000001
2.0814999999 1.2175000002
2.1708333335 1.2728333331
2.4381666663 1.3400000000
2.5741666661 1.6321666671
2.5998333342 1.8205000003
2.4648333323 1.9291666668
2.4519999997 1.9739999999
2.3336666658 1.9819999999
2.1623333325 1.9099999996
2.1513333323 2.0124999999
1.8813333327 2.1126666667
1.6086666676 2.2758333330
1.5243333323 2.6036666668
1.5396666669 2.7566666667
1.5926666663 2.7750000001
1.5318333325 3.0281666668
1.5783333339 3.2578333332
1.6628333327 3.4386666663
1.7633333343 3.6673333327
2.0523333333 3.9143333332
2.1199999992 4.2428333337
2.2694999998 4.3666666663
2.1303333341 4.4193333331
1.8160000010 4.4861666666
0.9460000001 4.2868333331
0.5333333334 3.9946666668
0.2358333333 3.8574999998
-0.1059999988 3.6913333332
-0.4584999999 3.5713333332
-0.5000000002 3.2564999998
-0.4506666670 2.9370000000
-0.5754999989 2.8004999997
-0.7363333339 2.7936666669
-0.7779999990 2.7635000002
-0.9270000007 2.5853333334
-1.0653333334 2.4984999996
-1.0256666670 2.5755000003
-0.3853333325 2.7858333333
-0.1380000000 2.9363333333
0.1850000004 2.9984999998
0.4061666658 3.0128333336
0.5998333336 2.9239999996
0.5713333337 2.8281666673
0.9193333327 2.8366666669
1.0383333333 3.0078333332
0.8539999996 3.4341666669
0.8351666679 3.8429999996
0.6415000001 4.1043333333
0.5623333337 4.1893333332
0.3511666662 4.0391666666
-0.0646666663 3.7288333338
-0.2816666665 3.5284999996
-0.4540000006 3.1014999998
-0.5686666668 2.8121666666
-0.4505000007 2.8541666666
-0.4189999999 2.7804999995
-0.3888333325 2.5641666667
-0.3591666669 2.3651666666
-0.3898333333 2.1146666661
-0.3508333336 1.8919999995
-0.1929999996 1.5921666666
-0.0233333338 1.4281666672
0.3531666664 1.5681666667
0.5926666660 1.8056666669
0.5495000011 1.9921666670
0.4604999987 2.1553333333
0.7428333333 2.1838333332
1.0840000002 2.1576666668
1.1648333341 2.2754999996
1.1391666661 2.5283333329
1.2113333327 2.6441666662
1.4229999991 2.8520000001
1.6818333336 2.9244999993
1.9416666674 3.2574999999
2.1403333335 3.6198333333
2.1651666671 3.7086666666
2.1340000004 3.7973333335
1.9413333334 3.8306666660
1.6711666674 3.8028333336
1.4528333324 3.6410000000
1.2900000002 3.4079999999
1.2686666679 3.2793333332
1.1329999992 3.0693333329
0.9953333347 2.8250000000
1.0881666668 2.8380000003
